$ANSIBLE_VAULT;1.1;AES256
35303336343437393736333130653063393737306430626234623366396161313836383662326137
6463636232653564313866316330373235343031616133660a646665343133643362366162373663
37346664633236653537643034376366626463613161316465653939336461666564373934363236
3137616336326632640a323938363931353931353436613636626263356164636165643464326562
31383432383131353433376634323763326362373635613764623638636163303634313632313738
37346465616633636435653161633238663331333236353135393266613235666462303861333230
39323062363733366434313662646238346266323331343936303564613933343031626337336261
61356530366565643762363737313661386462316637616638623135373361656131346138306166
33656233376138396437666664386465336139326439643831626133613966303035656632656534
32306537393538316162616139663763663863343232666565663933333663643133323134613632
63393030333965633933316235393962303633313361316334373363653632393732613732343434
32663139393136663164623665646237643433636135306662356335366566333039393332373735
63636230373936323263303430656236346436323633666265306661353330343661326231623434
61333939316335393730643837653961383137363663376533396439376562613435333333393263
34306538356465643361326435383761343133383964363666663461326231386134636262386635
36343962343465646533396362313365333238663232393834643738633035336130363863663736
64663733623537313834376337313666363739656364366231386136353063646534643831653439
36363165353935343030353263323363653437623737373363393963333163393664393039643965
34373836306533303433373165636462316662623234386662336535633762303233323935393134
62373034373031386131306331663363366162303437343765656336623737373163613539623364
35636461666163366331626231346335613537363161383962663865646130313763666331623265
62663935386261323066613433623865366363313739643731303533633465323537393361376365
36626264333235333631623562343033323263613664326261663530666531313931363163333935
33653136343035326362303630613736396466356337623739653731613165646236373539623363
6537
