$ANSIBLE_VAULT;1.1;AES256
65393435643166363161366334626339303536633465633030323961366438303165336462666162
6137646537363238363534666438656134353064326161360a323630653931363835303435356532
63343035353966646238623239633064663762636532393938653938373936613936623233653464
6537623234643664360a323431623232396263623135633664316633346130313136356166396233
64626136333333393062336537386539626235373137353164653565393564613661663664363862
65626439613337353066313931613536636632613063636535326432616264346664626330323564
37613365653866313035303632333230343939303765306334656537373965386536323261346265
39333535353636646332356465323361633564633232646538386366396335313036316364393766
32663861646366383934353363653966326633386537323730653432666562333837333137303138
36313062656432383965386430623135613465373762333763326435393264626539656161323736
32386166333933386636663063373261323763303361323866323836323236393565613165336666
37643563333836313065323130626463643039363362383736373962636137643437376337656663
35396234656664626430363135353961653063656630653963393538383830666139383233373536
34643439343737353730636239383436373565613066373031616632353865356432306530623634
38616366373463323264613239326462363464366130363632383064303361393839383465306532
62373764653936353130356138346636313739373936336537643730383936643937363565623239
35313164666239653932363032643035653639393638366437663232303165663966616133326639
62623264383961326533626662313262373135396230366130666463323033353935633965663764
38613166343762303930353064353131653736303764373134356632393639333933323563383938
61396165366134333438386634633333356635643665306234393039656538646439623433376134
33633635663939313839333937663634353237356238653666663831313632316635643733363164
39393435363231623336353839316437376537633662396535386135356633333930363531366265
33323533373037636164653239666664663937396333373239323464656433613132656435386535
36643634643664663634
